075469
075529
075619
075629
075719
075729
075749
075799
075839
075929
075969
076029
076059
076079
076139
076179
076239
076309
076319
076469
076489
076499
076519
076679
076719
076779
076789
076849
076869
076939
076969
076989
077019
077059
077109
077239
077289
077319
077429
077479
077519
077559
077569
077629
077699
077729
077839
077859
077889
077909
077969
078009
078049
078079
078199
078209
078219
078229
078299
078479
078499
078589
078599
078709
078769
078779
078789
078799
078809
078829
078879
078899
078939
078949
079049
079059
079079
079139
079169
079319
079329
079349
079459
079469
079529
079599
079749
079829
079929
079999
080009
080049
080139
080159
080199
080219
080249
080359
080399
080449
